523
59
714
568
624
679
247
643
458
579
515
482
10
524
9
102
415
357
646
387
377
213
471
539
767
563
70
263
463
173
274
612
114
79
792
124
457
82
171
771
757
127
600
261
244
493
404
537
460
417
653
22
374
422
569
354
796
685
179
711
674
300
345
214
525
62
566
721
399
446
186
798
406
483
3
430
65
316
491
402
225
705
332
93
34
664
421
645
26
595
229
330
230
150
776
499
121
8
251
331
743
395
60
529
503
29
635
496
793
774
648
520
169
182
488
508
361
87
763
189
363
162
268
125
424
191
538
98
548
299
294
35
696
599
473
497
30
478
745
660
31
160
324
175
773
692
17
234
629
418
536
489
123
718
122
738
426
286
233
487
27
2
751
287
762
313
307
94
185
777
235
350
151
610
498
683
479
761
678
320
675
504
462
280
176
626
543
789
46
142
89
113
590
780
257
362
42
141
164
441
346
550
621
364
551
96
39
7
654
408
290
433
329
512
28
126
134
658
44
541
546
410
655
157
784
425
564
204
787
128
459
293
559
501
609
135
260
505
799
5
481
43
86
411
161
729
429
736
392
423
349
106
447
355
370
147
85
709
308
278
224
375
694
246
633
588
416
400
334
622
92
544
464
768
737
532
703
16
172
597
686
61
80
90
40
797
38
56
12
697
540
11
708
625
196
413
555
775
589
194
673
210
630
178
376
155
360
284
510
192
700
271
531
45
152
746
168
452
100
199
153
351
552
556
254
693
398
167
379
528
202
607
744
258
620
177
111
642
310
735
439
684
243
101
397
710
545
472
314
340
344
198
586
255
200
138
576
724
786
385
436
207
713
190
580
734
149
383
517
201
253
348
671
215
480
701
67
581
656
276
49
365
450
289
389
136
769
203
665
742
33
670
145
240
380
195
394
578
353
420
384
755
695
495
205
778
434
582
728
585
414
372
19
687
312
311
103
143
211
584
317
107
115
453
783
659
75
174
95
66
407
596
628
502
583
649
438
732
698
456
83
542
64
663
557
51
388
249
292
99
699
506
232
598
632
688
212
572
166
55
352
666
443
558
516
267
137
36
750
562
216
15
180
602
770
676
108
181
587
318
604
393
741
680
245
144
640
241
396
120
449
717
513
405
474
527
369
756
706
32
455
535
131
156
477
356
644
490
371
146
467
567
309
23
594
69
193
119
782
533
